0
http
1
40532
6653
1900
40634
0x0000
nan
mdns
hostmon
80
0x5000
48312
0.0
48312.0
6653.0
1.0
48308
0
http
nan
mysql
domain
0x0808
1
34750
6653
1900
netbios-ns
0x0000
mdns
0x88a5
0x0608
0x50a2
0xb78a
https
1025
1720
5900
ftp
sunrpc
submission
imap2
http-alt
microsoft-ds
pop3s
smux
ms-wbt-server
smtp
8888
ssh
auth
telnet
imaps
1723
256
pop3
epmap
netbios-ssn
rtsp
27715
5960
2920
2144
3766
1057
5802
49152
3372
1092
exec
8093
1030
9220
5862
1839
125
16080
3809
1688
4449
8022
1234
146
ldap
6156
1277
9917
1174
666
10025
425
24800
4126
50006
2557
5050
32768
900
2383
5988
1034
1218
2702
8652
32779
33899
1104
6101
printer
62078
3827
1100
3801
4998
1112
50003
6692
2022
1334
28201
1095
35500
211
2035
1974
1443
5901
1455
8873
omniorb
33
5440
3986
3077
ospfapi
1503
17988
61532
6580
1233
8193
5544
1049
8292
1666
20828
2047
3300
1068
8011
691
5009
1126
14441
5002
2065
1138
1085
5679
8009
10778
2033
5633
1027
545
5877
56737
2048
2998
5101
8383
3703
1054
2968
14238
1089
6502
1121
2007
1783
9503
6668
2251
808
1088
1097
51493
5963
32
2006
1186
2068
1998
9071
5815
311
2126
8010
6666
9200
1042
5003
555
1169
5801
5357
1082
3546
3000
1163
3527
5030
5214
3878
27000
1761
1023
16012
8000
2008
1500
14000
5280
8002
667
9944
8300
20222
10243
3914
3390
3851
61900
26
6123
880
7019
9100
sane
6792
1050
13456
1090
7741
4001
593
1061
3001
722
8194
1107
1580
144
5298
nrpe
5810
5904
2381
9081
19315
30718
kaserver
366
gris
xmpp-server
afs3-prserver
1863
afs3-fileserver
42510
2200
42
2004
1091
1141
32777
bacula-sd
5718
8443
svrloc
4129
34571
9099
1248
8994
5000
2222
3918
2525
2323
10621
8254
406
416
1501
8099
2718
55056
32769
8649
264
5850
1717
9575
11110
telnets
5811
38292
8899
1066
8701
5999
5054
2010
10628
snmp
1864
9618
1031
5560
1002
3283
51103
1001
18040
x11-5
1600
55600
1070
2103
rmiregistry
6779
9898
10010
2875
25735
20005
3324
1035
nntps
16113
2020
5859
9485
1122
1062
32784
1047
6567
3889
ingreslock
49158
8082
14442
1040
19842
1011
1007
6789
3945
9091
9000
687
3013
9001
4242
9943
klogin
8181
6669
15000
6543
1271
987
3737
9968
8042
7512
2099
49167
50389
5952
3301
4279
x11-3
109
gsigatekeeper
1147
1046
1131
spamd
6839
sip-tls
5950
27352
49160
9010
13783
1076
1972
6112
24
2046
1533
tacacs
1259
60020
1148
1060
1175
1198
gopher
19780
3905
2042
1010
1947
2809
52869
32773
9290
15002
9415
2710
9900
902
16018
3269
64680
poppassd
8500
4125
9002
64623
8089
1199
2002
7676
5631
12000
33354
3371
2717
git
x11-1
19801
7025
6100
1875
5925
50001
6547
7070
6025
nntp
255
9009
5998
3814
bacula-fd
3017
ftps
5922
22939
8086
3005
49400
3003
5906
58080
417
iscsi-target
31038
1069
3052
1700
3920
3871
5825
25734
8085
16992
3370
1718
4002
16993
41511
1024
1114
3869
49156
7435
2161
280
1074
6059
time
3971
10629
5080
44443
306
20031
7103
32770
9594
99
3404
1840
27356
9111
1077
2013
340
1108
1310
5226
1494
9998
1149
10004
2288
8090
gsiftp
49157
2001
daap
1111
10626
8800
1036
cmip-man
2399
222
16000
1079
898
6689
1053
4848
x11-7
8402
32771
541
3168
3369
bacula-dir
2190
gnutella-svc
7200
1296
1043
19350
1300
259
1862
10012
1130
5431
3351
5907
700
8031
49155
2170
rmtcfg
1078
3031
1029
10024
1086
1021
4567
32782
5730
48080
3580
10180
50002
32772
40911
3784
kshell
2500
11111
2040
1164
2638
8290
3011
1145
5800
1301
7938
5566
32778
1201
4045
1152
3322
254
1185
8600
50000
1055
nfs
1805
5989
moira-update
2030
1056
720
5555
1123
amandaidx
1033
8651
9878
1583
31337
6788
49165
18101
2034
7937
1110
5915
45100
65129
qotd
765
15004
8654
34572
10002
801
3826
5405
54045
1132
912
1117
1119
81
3325
49159
2196
21571
668
1935
2366
17877
ftp-data
5001
1287
x11-6
3071
83
7921
3800
4550
1461
login
24444
705
2701
9110
2105
49163
cisco-sccp
1216
4005
6969
1038
44442
9999
5100
11967
2301
1044
16016
rsync
1087
12345
625
3007
4003
3828
3333
1083
5190
9502
cfinger
7999
50500
12174
1113
407
4446
xmpp-client
8291
4443
1075
1244
1217
9050
1051
19283
481
1755
5902
5987
1658
1151
8400
1063
1052
1105
5903
1048
648
3
1026
8192
212
15660
daytime
3211
55555
7800
100
3221
15003
57797
tcpmux
sip
1058
843
3517
3006
whois
submissions
8083
9876
12265
8180
2009
7777
2005
tproxy
19101
2041
1106
32780
5500
10003
2909
1084
711
84
2260
13782
56738
65389
postgresql
2100
bgp
1801
500
webmin
1165
radmin-port
13722
8333
4445
49999
1721
ldaps
2106
27355
1102
zope-ftp
9207
2393
ms-sql-s
20000
10215
-bos
1322
2191
3323
54328
4444
enbd-cstatd
901
kerberos-adm
999
socks
7911
ipp
49154
6
30
x11-4
1073
1417
7920
1039
kpasswd
5550
nut
4
5962
60443
65000
6881
5225
1037
9666
2021
1071
7402
4000
10616
zebra
echo
1124
5910
6901
10009
2038
50800
6009
2179
1272
524
9595
32775
10617
1311
18988
888
1719
7443
1154
2107
497
3880
1984
5120
5959
1059
1067
lotusnote
10001
23502
9593
1309
1247
646
2910
911
3476
3128
981
5004
1041
cvspserver
4321
bgpd
1782
617
8084
5961
5822
7106
x11-2
458
616
3268
27353
5200
1914
8222
1098
49153
2522
5510
3261
15742
1022
6565
radius
2869
4006
2382
49176
16001
5911
3998
4900
44501
1594
finger
7496
49161
1999
1045
2394
90
44176
34573
3367
9080
1187
9003
1081
8045
52822
afs3-callback
6129
9877
4004
9929
1064
30951
2111
82
8100
9535
5102
5414
discard
5678
3995
2045
1213
1521
9011
52848
57294
2043
rootd
85
63331
4662
proofd
683
32785
x11
3030
1009
6699
4343
10566
903
1192
714
ripd
1096
iprop
8087
3659
49175
ms-sql-m
font-service
7201
5033
1556
7627
1183
8008
6106
shell
50300
4224
6510
2725
20221
8001
9090
afpovertcp
3551
svn
26214
kerberos
726
5221
800
787
ospfd
2160
32781
6389
55055
1028
8007
32776
301
30000
1328
52673
32774
5087
isisd
40193
ircd
1166
1032
6646
1137
2492
1000
2967
9500
7778
chargen
89
7625
snpp
1687
8200
4111
1971
1065
50636
9040
2800
1641
32783
1072
0xeb29
0x68b9
0xd18a
0x610d
0xe921
0xc851
0x6e0e
0xaaf4
56420
0x544e
0xa8d4
0xcbe8
0x9110
63020
0x6b71
0xca0f
0x65db
0x8dfa
46250
0xe98c
0x4afc
0x8bab
0x4bd9
0xdc93
0x2637
0x9a22
0x830d
0xa4fe
0x5964
0x1ecb
0xd929
49259
22692
19722
0x6bc0
0xa458
0x05c0
0x0a4d
47624
47772
17237
0x0104
0xa100
34862
61322
56141
23781
17823
0x9f45
0xe55c
0x0dc0
0x08ba
0x5543
0x2e88
0x9cba
0x8aef
41308
19294
63555
54711
0x43f8
44190
685
0x4ddb
19616
0xad02
19995
25541
0xc563
0x1b4e
0x734b
0xa04c
0x0880
0xb7d5
0x5ca1
0x9eac
0x5e4b
0x3004
59207
0x47e7
58797
0xade5
49189
0x25c0
21609
0x6954
42431
0xbfa5
25375
0x1f63
20678
0xc650
20411
0xbb4f
44253
0xddac
20465
0xf14f
39213
0x2d99
21674
0xaa54
61142
0xd6ee
18807
0x7749
0x8900
18113
0xc146
20217
0xf94e
0x18c0
32815
0x2f80
57977
0x79e2
49185
0x21c0
18319
0x8f47
45722
0x9ab2
0x581b
61550
0x6ef0
29810
0x7274
31365
0x857a
0x8501
39217
0x3199
0xaf05
19500
0x2c4c
0x04c0
48761
0x79be
37212
0x5c91
112
0x7000
20389
0xa54f
49174
0x16c0
17814
0x9645
36206
0x6e8d
0x401f
990
0xde03
9199
0xef23
25931
0x4b65
19683
0xe34c
51690
0xeac9
21621
0x7554
33355
0x4b82
57172
0x54df
26720
0x6068
26415
0x2f67
40539
0x5b9e
44946
0x92af
21468
0xdc53
17638
0xe644
16680
0x2841
16938
0x2a42
1101
0x4d04
42434
0xc2a5
33030
0x0681
0x4004
49202
0x32c0
21834
0x4a55
18134
0xd646
21131
0x8b52
21282
0x2253
49182
0x1ec0
19541
0x554c
36893
0x1d90
40915
0xd39f
18373
0xc547
43514
0xfaa9
19624
0xa84c
0x0204
0x2004
50612
0xb4c5
21206
0xd652
17459
0x3344
684
0xac02
0xe914
19022
0x4e4a
50099
0xb3c3
38615
0xd796
45247
0xbfb0
34577
0x1187
0x0304
16402
0x1240
17592
0xb844
515
0x0302
20762
0x1a51
207
0xcf00
22846
0x3e59
17
0x1100
30975
0xff78
49192
0x28c0
0x2003
402
0x9201
58631
0x07e5
40732
0x1c9f
49222
0x46c0
17939
0x1346
20279
0x374f
199
0xc700
0x1a04
0x3f4e
23980
0xac5d
774
0x0603
48189
0x3dbc
0x1204
20665
0xb950
45441
0x81b1
135
0x8700
0x0780
0xf51f
6004
0x7417
17207
0x3743
29977
0x1975
41971
0xf3a3
21663
0x9f54
22739
0xd358
49201
0x31c0
17219
0x4343
49209
0x39c0
41058
0x62a0
17605
0xc544
38063
0xaf94
0x2804
998
0xe603
58419
0x33e4
39714
0x229b
55043
0x03d7
39632
0xd09a
0x0300
20262
0x264f
4672
0x4012
23176
0x885a
21923
0xa355
49640
0xe8c1
19273
0x494b
31625
0x897b
49195
0x2bc0
23608
0x385c
0xfd03
0xba13
17006
0x6e42
0x2a04
33872
0x5084
49196
0x2cc0
42056
0x48a4
20560
0x5050
20742
0x0651
27892
0xf46c
30697
0xe977
34855
0x2788
19792
0x504d
19096
0x984a
1008
0xf003
1419
0x8b05
20082
0x724e
16862
0xde41
0xab01
21104
0x7052
626
0x7202
49212
0x3cc0
17683
0x1345
gnutella-rtr
0xcb18
55587
0x23d9
20525
0x2d50
17455
0x2f44
34758
0xc687
21298
0x3253
49350
0xc6c0
16839
0xc741
21625
0x7954
1901
0x6d07
18883
0xc349
0xf606
559
0x2f02
0x0900
959
0xbf03
57409
0x41e0
26966
0x5669
20717
0xed50
0x0180
18485
0x3548
1885
0x5d07
19415
0xd74b
0x0404
16086
0xd63e
24007
0xc75d
17359
0xcf43
65024
0x00fe
49205
0x35c0
0x697a
19489
0x214c
fsp
0x1500
23679
0x7f5c
0x2304
0x021f
0x411f
2051
0x0308
786
0x1203
28547
0x836f
33459
0xb382
18449
0x1148
47808
0xc0ba
41446
0xe6a1
50708
0x14c6
0x0380
22
0x1600
21247
0xff52
2345
0x2909
23
0x1700
27899
0xfb6c
0x5c11
25003
0xab61
19717
0x054d
0x534b
0x1004
0x6c07
18830
0x8e49
0x1f04
20518
0x2650
0xca18
16939
0x2b42
19154
0xd24a
21514
0x0a54
21186
0xc252
0xec0b
17573
0xa544
49503
0x5fc1
51586
0x82c9
776
0x0803
61412
0xe4ef
0x0b80
49200
0x30c0
49197
0x2dc0
40724
0x149f
18156
0xec46
17424
0x1044
0x0004
20117
0x954e
0x3100
120
0x7800
829
0x3d03
21702
0xc654
0xd001
42313
0x49a5
26407
0x2767
24910
0x4e61
0xc413
983
0xd703
49173
0x15c0
0x0480
21803
0x2b55
16896
0x0042
49181
0x1dc0
20540
0x3c50
0x8603
40441
0xf99d
17787
0x7b45
19181
0xed4a
19998
0x1e4e
19482
0x1a4c
0x1504
4008
0xa80f
21111
0x7752
20679
0xc750
16430
0x2e40
688
0xb002
61024
0x60ee
0xff03
25157
0x4562
0x1304
18869
0xb549
38498
0x6296
17762
0x6245
775
0x0703
0xf023
32528
0x107f
6970
0x3a1b
19017
0x494a
19647
0xbf4c
5632
0x0016
29243
0x3b72
37444
0x4492
45380
0x44b1
2148
0x6408
17146
0xfa42
44160
0x80ac
22109
0x5d56
16766
0x7e41
24279
0xd75e
0x0f04
19374
0xae4b
22045
0x1d56
16970
0x4a42
19660
0xcc4c
28973
0x2d71
0x2a00
0x1104
20865
0x8151
49191
0x27c0
41896
0xa8a3
16498
0x7240
16674
0x2241
20423
0xc74f
24644
0x4460
17185
0x2143
18683
0xfb48
32345
0x597e
34555
0xfb86
45928
0x68b3
51255
0x37c8
20019
0x334e
0x9426
989
0xdd03
21083
0x5b52
17018
0x7a42
21016
0x1852
682
0xaa02
18543
0x6f48
16739
0x6341
22799
0x0f59
58002
0x92e2
363
0x6b01
18821
0x8549
49168
0x10c0
38
0x2600
0x0e04
icpv2
0x3a0c
30544
0x5077
0x4c04
19687
0xe74c
who
0x0102
789
0x1503
41774
0x2ea3
0x9701
0x1407
0x0804
18991
0x2f4a
21902
0x8e55
1346
0x4205
0x5104
49186
0x22c0
0x8813
31335
0x677a
21207
0xd752
0x1904
20129
0xa14e
0xe106
isakmp
0xf401
40019
0x539c
16449
0x4140
49306
0x9ac0
0x06c0
17487
0x4f44
16918
0x1642
0x6f00
6050
0xa217
21354
0x6a53
25337
0xf962
55544
0xf8d8
19504
0x304c
20359
0x874f
53006
0x0ecf
17101
0xcd42
54281
0x09d4
9950
0xde26
36458
0x6a8e
2000
0xd007
20876
0x8c51
20146
0xb24e
33866
0x4a84
0x00c0
0x01c0
0x0120
0x0a80
53589
0x55d1
19165
0xdd4a
21800
0x2855
0xf101
0x09c0
47765
0x95ba
29078
0x9671
28641
0xe16f
1013
0xf503
27444
0x346b
42508
0x0ca6
20309
0x554f
41081
0x79a0
17321
0xa943
61370
0xbaef
0x4a1f
217
0xd900
21366
0x7653
37761
0x8193
34358
0x3686
19662
0xce4c
32798
0x1e80
0xae08
20872
0x8851
64590
0x4efc
34580
0x1487
54807
0x17d6
21698
0xc254
53037
0x2dcf
18818
0x8249
33249
0xe181
18004
0x5446
44334
0x2ead
20842
0x6a51
767
0xff02
1014
0xf603
35438
0x6e8a
32931
0xa380
0xe903
780
0x0c03
31189
0xd579
29256
0x4872
0x2d04
48489
0x69bd
781
0x0d03
3343
0x0f0d
18980
0x244a
0x1804
0x2500
34125
0x4d85
49360
0xd0c0
2223
0xaf08
19039
0x5f4a
17754
0x5a45
20817
0x5151
42627
0x83a6
48255
0x7fbc
49208
0x38c0
20409
0xb94f
16829
0xbd41
17549
0x8d44
19322
0x7a4b
27482
0x5a6b
36384
0x208e
17616
0xd044
0xef03
20249
0x194f
31681
0xc17b
19650
0xc24c
51554
0x62c9
4666
0x3a12
16786
0x9241
ntalk
0x0602
34861
0x2d88
asf-rmcp
0x6f02
0xb606
17331
0xb343
34433
0x8186
0x0680
25280
0xc062
2
0x0200
17494
0x5644
22695
0xa758
40116
0xb49c
21868
0x6c55
0x2104
0x0504
42577
0x51a6
52225
0x01cc
0x8a13
0xa00f
19719
0x074d
63420
0xbcf7
43195
0xbba8
643
0x8302
22055
0x2756
21847
0x5755
18666
0xea48
20380
0x9c4f
35777
0xc18b
61961
0x09f2
0xd204
18985
0x294a
0x8b13
49177
0x19c0
tftp
0x4500
34578
0x1287
639
0x7f02
1200
0xb004
136
0x8800
0x4a82
40847
0x8f9f
19639
0xb74c
49162
0x0ac0
33744
0xd083
datametrics
0x6d06
17184
0x2043
814
0x2e03
18835
0x9349
21566
0x3e54
17674
0x0a45
49193
0x29c0
20445
0xdd4f
hostmon
0xeb14
19625
0xa94c
54925
0x8dd6
36669
0x3d8f
49215
0x3fc0
2343
0x2709
62154
0xcaf2
53838
0x4ed2
35702
0x768b
radius-acct
0x1507
1012
0xf403
18255
0x4f47
23557
0x055c
37602
0xe292
21784
0x1855
53571
0x43d1
21898
0x8a55
57843
0xf3e1
40866
0xa29f
49393
0xf1c0
59765
0x75e9
49396
0xf4c0
19197
0xfd4a
0x0b04
49188
0x24c0
502
0xf601
49204
0x34c0
23354
0x3a5b
21060
0x4452
3702
0x760e
27473
0x516b
1214
0xbe04
19222
0x164b
10080
0x6027
62575
0x6ff4
0xe803
19600
0x904c
657
0x9102
59193
0x39e7
16912
0x1042
52144
0xb0cb
49210
0x3ac0
23531
0xeb5b
39683
0x039b
43370
0x6aa9
21320
0x4853
20752
0x1051
25546
0xca63
21303
0x3753
40805
0x659f
16711
0x4741
49179
0x1bc0
22053
0x2556
64513
0x01fc
16816
0xb041
18676
0xf448
39888
0xd09b
24854
0x1661
21576
0x4854
0x6404
39723
0x2b9b
19503
0x2f4c
17332
0xb443
16779
0x8b41
netbios-dgm
0x8a00
18832
0x9049
51456
0x00c9
19193
0xf94a
22029
0x0d56
18081
0xa146
0x0280
54321
0x31d4
34079
0x1f85
43094
0x56a8
sa-msg
0x6e06
28122
0xda6d
37783
0x9793
34892
0x4c88
18250
0x4a47
8900
0xc422
17338
0xba43
34579
0x1387
46836
0xf4b6
0x770e
25462
0x7663
17077
0xb542
18996
0x344a
6002
0x7217
64481
0xe1fb
0x8b00
0x1b04
31073
0x6179
36489
0x898e
21524
0x1454
31059
0x5379
18987
0x2b4a
0xfe03
30656
0xc077
21644
0x8c54
0x1604
20424
0xc84f
20522
0x2a50
16947
0x3342
27195
0x3b6a
28493
0x4d6f
64080
0x50fa
0x0d00
31109
0x8579
l2f
0xa506
0x3904
0x08c0
20164
0xc44e
0x1d04
20884
0x9451
22986
0xca59
0x9526
21000
0x0852
21649
0x9154
19605
0x954c
19663
0xcf4c
0x9a05
0x8913
17845
0xb545
0x2823
43686
0xa6aa
37144
0x1891
ntp
0x7b00
0x03c0
44179
0x93ac
20288
0x404f
49178
0x1ac0
16700
0x3c41
6001
0x7117
0x0d04
18331
0x9b47
19935
0xdf4d
19632
0xb04c
0x0604
20003
0x234e
17282
0x8243
0x07c0
0x970b
21710
0xce54
764
0xfc02
47915
0x2bbb
44923
0x7baf
113
0x7100
0x7108
51905
0xc1ca
0x0008
18360
0xb847
18994
0x324a
16503
0x7740
19140
0xc44a
18234
0x3a47
34422
0x7686
21476
0xe453
51972
0x04cb
30365
0x9d76
60381
0xddeb
782
0x0e03
16433
0x3140
21333
0x5553
talk
0x0502
45818
0xfab2
1019
0xfb03
17205
0x3543
32385
0x817e
51717
0x05ca
0x17c0
3389
0x3d0d
32818
0x3280
21967
0xcf55
22341
0x4557
19075
0x834a
41524
0x34a2
0x2904
17726
0x3e45
19047
0x674a
1484
0xcc05
16545
0xa140
0xfe77
772
0x0403
41638
0xa6a2
21212
0xdc52
0x7008
30303
0x5f76
40622
0xae9e
3664
0x500e
60423
0x07ec
17302
0x9643
21742
0xee54
24594
0x1260
16948
0x3442
21364
0x7453
21383
0x8753
28465
0x316f
biff
0x0002
17091
0xc342
17417
0x0944
20791
0x3751
19728
0x104d
0xcd0f
49170
0x12c0
9370
0x9a24
16974
0x4e42
33281
0x0182
20126
0x9e4e
20004
0x244e
25709
0x6d64
20206
0xee4e
22043
0x1b56
21556
0x3454
16919
0x1742
41967
0xefa3
16420
0x2440
50164
0xf4c3
1804
0x0c07
61319
0x87ef
689
0xb102
60172
0x0ceb
0x0a04
0x0c80
0x2404
17615
0xcf44
49207
0x37c0
37843
0xd393
0x2923
25240
0x9862
21261
0x0d53
20366
0x8e4f
0x7c15
21568
0x4054
rplay
0xb315
49968
0x30c3
62677
0xd5f4
16972
0x4c42
syslog
0x0202
21525
0x1554
42557
0x3da6
20313
0x594f
17533
0x7d44
0x0980
snmp-trap
0xa200
9020
0x3c23
1993
0xc907
21405
0x9d53
24606
0x1e60
43967
0xbfab
48078
0xcebb
5093
0xe513
21344
0x6053
34796
0xec87
62699
0xebf4
0x0704
20360
0x884f
49194
0x2ac0
0x0c04
6000
0x7017
0x4204
49214
0x3ec0
21167
0xaf52
49211
0x3bc0
0x1e04
20
0x1400
0x02c0
31891
0x937c
57410
0x42e0
19718
0x064d
40708
0x049f
48455
0x47bd
3296
0xe00c
49171
0x13c0
20120
0x984e
49199
0x2fc0
59846
0xc6e9
49166
0x0ec0
997
0xe503
17490
0x5244
16573
0xbd40
37393
0x1192
0x2e04
19956
0xf44d
24511
0xbf5f
35794
0xd28b
16838
0xc641
58640
0x10e5
0xaf02
23040
0x005a
0x1704
46093
0x0db4
19332
0x844b
0x5800
17663
0xff44
2362
0x3a09
40711
0x079f
11487
0xdf2c
19120
0xb04a
47981
0x6dbb
0x0080
17836
0xac45
28369
0xd16e
17673
0x0945
17423
0x0f44
49226
0x4ac0
38037
0x9594
826
0x3a03
31195
0xdb79
16832
0xc041
20848
0x7051
49169
0x11c0
27707
0x3b6c
21842
0x5255
19141
0xc54a
43824
0x30ab
17629
0xdd44
1886
0x5e07
44185
0x99ac
0x4b0e
0x1404
17585
0xb144
18582
0x9648
61685
0xf5f0
34038
0xf684
18605
0xad48
16697
0x3941
49180
0x1cc0
3456
0x800d
19707
0xfb4c
5010
0x9213
36945
0x5190
30263
0x3776
0x1300
20154
0xba4e
21360
0x7053
36108
0x0c8d
28840
0xa870
18669
0xed48
0x9905
57813
0xd5e1
46532
0xc4b5
22105
0x5956
0x3f04
17468
0x3c44
41702
0xe6a2
434
0xb201
34570
0x0a87
17505
0x6144
20464
0xf04f
29823
0x7f74
944
0xb003
50497
0x41c5
62958
0xeef5
58075
0xdbe2
0xab02
49216
0x40c0
21780
0x1455
49172
0x14c0
996
0xe403
50919
0xe7c6
19227
0x1b4b
18228
0x3447
route
0x0802
49220
0x44c0
0x0bc0
0x2c04
19682
0xe24c
20710
0xe650
52503
0x17cd
33717
0xb583
631
0x7702
18958
0x0e4a
686
0xae02
21454
0xce53
3457
0x810d
28543
0x7f6f
45685
0x75b2
3401
0x490d
27015
0x8769
0x0580
49184
0x20c0
19936
0xe04d
44968
0xa8af
58178
0x42e3
0xe703
36778
0xaa8f
ipsec-nat-t
0x9411
17236
0x5443
22123
0x6b56
22914
0x8259
10000
0x1027
0x0fc0
38293
0x9595
64727
0xd7fc
22124
0x6c56
17580
0xac44
41370
0x9aa1
49213
0x3dc0
20425
0xc94f
44508
0xdcad
0x0108
158
0x9e00
1080
0x3804
539
0x1b02
26872
0xf868
19933
0xdd4d
49262
0x6ec0
443
0xbb01
6971
0x3b1b
17888
0xe045
19695
0xef4c
19789
0x4d4d
0x8703
1020
0xfc03
17946
0x1a46
42639
0x8fa6
49187
0x23c0
664
0x9802
21358
0x6e53
838
0x4603
62287
0x4ff3
18258
0x5247
20851
0x7351
0x2b04
20326
0x664f
21655
0x9754
49198
0x2ec0
44101
0x45ac
19130
0xba4a
1524
0xf405
20449
0xe14f
38412
0x0c96
0x5102
18617
0xb948
49190
0x26c0
21948
0xbc55
21318
0x4653
0xd207
22996
0xd459
0x2204
19161
0xd94a
1457
0xb105
20919
0xb751
17824
0xa045
54114
0x62d3
16548
0xa440
965
0xc503
23965
0x9d5d
16708
0x4441
54094
0x4ed3
42172
0xbca4
57958
0x66e2
9103
0x8f23
61481
0x29f0
0xbd01
18888
0xc849
773
0x0503
37813
0xb593
30704
0xf077
1485
0xcd05
0xb706
0x0904
17989
0x4546
192
0xc000
31731
0xf37b
0x9c4d
0x2449
0x140e
0x9b2c
0x6400
0x4800
0x6c00
0x4700
0x8f00
0xc900
0x8600
0x2100
0xd200
0xa400
0x6b00
0x5e00
0xe600
0x0c00
0xf800
0x0a00
0x9400
0xc800
0x2900
0xce00
0xda00
0x0500
0xb300
0xc200
0xe000
0x3700
0x7c00
0xcc00
0x7a00
0x9700
0x6900
0x2700
0xe300
0x7300
0x0700
0x7f00
0xfe00
0xed00
0x6d00
0xbe00
0x8200
0x1d00
0xdc00
0x2d00
0x7700
0x1000
40125
0xbd9c
0xb900
0x9100
0x7400
0xa000
0xff00
0x3c00
0x2f00
0xb700
0xae00
0x3a00
0x7d00
0x0f00
0xdf00
0xb800
0x4f00
0x3f00
0xe700
0xee00
0x1a00
0x4b00
0x4d00
0x3800
0xf000
0x6000
0x6800
0x7500
0xd600
0xb500
0x5600
0x5a00
0x4600
0x0e00
0x8000
0x4e00
0x2400
0x9f00
0xc300
0x5400
0xc100
0xe800
0x9900
0xf400
0xfd00
0xd500
0xe900
0xd700
0x1e00
0x0b00
0x4c00
0xaa00
0x5c00
0x7e00
0xb600
0xcd00
0xcb00
0xb100
0x2c00
0x8c00
0xa800
0x6e00
0x9200
0xfa00
0x3500
0x4100
0xd800
0x1b00
0x5b00
0xeb00
0xd400
0xf300
0x8500
0x7900
0x3900
0xab00
0xe200
0x3d00
0x4200
0x3000
0x1c00
0x2300
0x1800
0x3300
0x3e00
0x9800
0x9600
0x6200
0xe100
0xbb00
0x5000
0xf500
0x3400
0x2200
0xb000
0x7600
0x3b00
0x3600
0xac00
0xfc00
0x8e00
0x4000
0xc400
0x6a00
0x4400
0xe500
0x0800
0x2800
0x2e00
0xf600
0x1f00
0xf700
0xf900
0x2000
0x5f00
0xc500
0xa700
0x2b00
0x6300
0x8100
0x9500
0xa500
0x49b6
0xa900
0x9c00
0xc734
0x3b7c
0x58f4
0x5500
0xdd00
0xde00
0xb200
0x5700
0x4300
0xd000
0xba00
0xe400
0xad00
0x9300
0xbc00
0x8d00
0xd100
0x9a00
0xef00
0xec00
0x8300
0xdb00
0x6100
0x5300
0xb400
0xea00
0x3200
0x9000
0xfb00
0x1200
0x6500
0x6600
0x5200
0x4900
0xbd00
0xf100
0xf200
0x1900
0xca00
0xc600
0xa600
0x5d00
0xbf00
0x5900
0x9d00
0x5100
0x9b00
0xaf00
0x4a00
0x0400
0xd300
0xa300
0x7200
0x8400
0x5def
0x436e
0x5c05
0x08e9
48537
0x7efc
0x43fb
0x1579
0x59ef
62837
0xfc47
0xcf05
0xeaad
0xaf96
0
https
https
domain
domain
domain
domain
1
53592
6653
xdmcp
1900
netbios-ns
mdns
hostmon
nan
41016
47560
34506
35886
53993
52727
50450
46287
44723
47573
34973
34424
0x7f85
55085
60049
37752
51885
37053
37938
37346
58372
50098
56184
47535
37034
56155
34034
60324
47889
33049
46358
60410
42290
50154
56405
59416
36908
50544
55318
netbios-dgm
0xe1b5
51490
49532
59425
48061
38557
35225
55668
52287
52594
45667
34350
59109
58606
60663
38102
46454
60673
41709
60188
55620
40549
36994
39499
43851
46853
45586
58699
35654
48089
59059
34132
37341
37287
50605
53945
41534
47767
34785
55542
59263
54484
54702
60703
60577
56052
40577
56214
36901
44229
35543
56347
43982
60599
39476
54580
33437
38610
50330
48892
22790
47164
43897
57157
56037
44205
38352
38216
46912
34986
38474
60712
33236
42749
39398
54243
60760
41972
44864
39896
58602
41810
47926
52747
48570
55545
47438
44369
53744
49640
56053
59819
59796
50884
47028
48154
48186
53838
59855
52112
42682
39981
45010
53752
54599
52843
49348
56906
48607
40836
49711
58695
49436
60910
47484
40471
41210
44926
51033
59308
58860
47524
44921
35806
33395
46229
40823
51994
33866
35576
47512
44309
44876
52505
54500
51723
52978
50925
39491
36979
37267
46504
48917
60532
43486
34310
50734
37599
45656
43980
47125
50910
33816
57003
42518
60722
43473
33269
42842
60790
42045
43831
42653
49719
45873
52925
41293
59420
37278
44994
42500
51527
42620
44180
56989
51170
50693
53148
33578
47592
53778
56180
37329
45418
50114
60245
48707
58480
46308
34280
46998
34148
53719
56232
56412
53919
37525
44086
38986
57162
53608
43408
34495
52788
38670
54104
34725
59600
43232
55619
38806
53151
55585
42355
46514
50733
35254
36983
60473
46729
55102
51705
43343
51658
36711
37271
59457
59700
45184
41561
33451
55015
40889
36756
50608
35299
35740
43847
42790
57974
33847
56766
55068
49005
54052
58543
58124
38449
53758
39007
44089
54866
52289
45612
36451
41995
52729
51218
50276
50673
49219
42124
52751
60334
44793
55041
53946
38745
51477
42008
39567
33634
50284
51970
37123
37490
51254
40381
35905
38901
42323
53858
40253
56406
36305
39397
57573
40926
45450
35657
56120
57559
53728
43927
48142
56061
46689
43302
43177
55399
34138
45245
57672
52035
46043
33446
59257
33148
36139
45610
40352
46590
46879
47612
50889
42223
44694
36608
45579
56503
49539
43625
58670
37229
51112
38140
57607
45468
54962
49153
56951
48312
45316
58115
41586
53342
52987
35106
39469
58352
52105
48928
59053
55257
56774
42002
53028
44493
53214
33928
52817
38789
57853
53475
53359
41909
53567
34678
42894
55295
48344
48193
42608
53258
40199
55080
44168
36596
49478
50304
48532
35640
42462
43342
39531
50468
46580
55550
33806
40611
52081
39169
59753
56127
60061
48367
54711
34027
54921
45497
50831
44059
57902
45111
40272
41145
35793
53037
36937
56901
47489
51034
45326
55385
51965
38259
45706
47917
49281
46156
49097
49403
60671
44112
42551
57040
57630
34826
46662
52180
35274
38702
40216
43708
34698
39103
35496
47219
34178
49895
37762
39778
40093
56379
48044
53643
53296
48177
34913
47660
50945
34234
48985
43762
47025
45460
52156
33819
44062
41591
59520
51768
46666
33837
53654
34797
60775
38788
49653
49160
46627
58709
60638
48085
59216
37005
48912
49992
50661
54107
38539
45854
53411
48599
55365
50444
45246
43014
50087
42830
45847
56273
49587
49338
35492
39058
55839
58507
49393
60190
60810
44729
51688
41073
41503
47575
49703
37584
48872
34852
54695
43140
48724
50417
56208
43015
55908
36244
51397
34562
58887
34354
37305
56302
60336
58458
38459
43303
60159
53459
37343
45924
51459
45205
58698
37473
44408
37006
48907
45064
47274
34676
49504
39053
48409
40711
32878
36422
56993
46927
51121
40132
48172
51785
56777
32831
46400
52638
41635
45391
35642
48459
46742
40269
49761
51614
52347
46416
41314
56457
43429
52187
40489
34895
39909
35964
51918
48554
35397
32873
51714
42525
59927
53986
35399
52848
43707
36161
44334
60939
47721
44939
50240
36471
54490
34663
36104
53640
50289
36023
36898
45998
35630
50226
35961
32825
41065
47675
47921
55099
33657
45525
46530
32850
51364
33812
57190
38253
57031
56125
56174
34808
52740
37847
33533
58705
32961
60261
54871
37217
42194
36506
59820
47387
57347
35933
53771
41264
44423
60725
46137
56204
56905
38307
33562
51983
54463
58979
53916
56798
46848
46997
60275
59890
39400
34759
51275
45810
40770
59476
45733
59576
47736
52681
34661
60331
33978
58336
54957
35967
42144
53739
40918
52915
60993
35672
37679
56500
46720
53094
53988
56016
56620
58953
39689
38970
57156
58816
42847
48437
58890
52051
35109
57387
38775
35991
58528
59491
53478
44761
51219
53862
53032
58243
34097
34621
35976
49163
60072
55583
54796
51307
42863
57411
33174
33697
37485
33178
36794
45032
43305
56759
45866
56599
47075
46482
56542
39520
59138
60646
39408
35517
50561
48163
53991
38998
58993
44042
45288
59203
42360
59458
51820
57608
39071
47846
40046
39368
60739
37370
47755
55600
53043
47149
58892
41915
39580
44633
40644
38869
35699
42961
53568
35912
35705
48387
53242
42026
36277
43714
44492
37360
49898
54843
47163
37090
39249
36954
43575
52750
57205
44021
33135
40396
58962
47422
49900
51452
56836
49905
42799
46949
40771
39445
53904
34801
34863
50652
34531
52675
38993
46313
57443
56683
39072
36346
36891
50685
55481
47831
50556
51568
44232
43349
52516
43964
39869
50506
55757
51469
53650
36568
46523
47692
52795
34788
39052
50319
46793
35155
48875
32915
40582
48416
48027
59313
51966
52657
56509
58633
53008
51532
34139
38912
44019
57228
36202
36936
34744
35505
32832
36812
34288
35721
57897
59594
54263
37660
47932
48778
37461
47855
59248
48655
44945
42987
44650
45649
57052
49872
39184
59558
37793
53598
41631
39837
39680
52626
44509
54677
52308
59748
44716
45188
47494
42880
42521
51888
43568
42690
59712
39759
51185
56485
42427
37988
45899
58452
58247
47713
38664
35117
34054
36682
34048
55662
39954
59177
52743
35574
53016
36725
43780
56310
52034
52459
52122
41899
39374
42515
60542
59521
39729
52552
52472
51926
35552
45119
46179
55783
37383
57298
38212
51093
54700
56335
56099
37174
37535
50082
54002
36902
36716
37330
58010
38715
42403
43006
48860
44092
49756
36324
32903
56794
45928
45028
34427
34572
50713
52460
58600
46982
34188
33958
57917
47679
34488
53851
53937
49758
46562
41901
33143
55793
56031
58790
49079
47348
59194
33011
47867
49430
60380
40366
33095
45738
36973
33977
37225
59189
44071
60344
40218
36088
34284
55628
59035
56231
59536
52589
38956
46002
50883
41055
43355
35276
48820
54892
41684
58525
35684
42622
60792
46226
45547
45952
39253
54739
34537
45736
40177
50091
33762
57539
36637
36525
60401
58774
37718
37434
50894
54584
53363
54532
53852
47707
41865
45202
43962
60345
44138
60225
54685
32829
37731
48442
56648
46100
42071
53670
49696
39437
60928
37151
34881
37345
47452
58206
50627
33052
40715
59682
38724
33902
50036
43675
47589
33809
55626
53953
53402
50875
56325
42193
49405
38759
54725
49760
39999
45710
39586
42750
42090
32859
57430
59577
46415
40446
55581
41077
59580
53666
37664
34029
60198
53487
54562
54531
59776
40370
45173
50152
39287
60741
35297
47251
55056
43368
58571
42390
50452
46008
50765
32941
59284
54290
44674
36635
55684
57456
54715
60730
42280
59040
33186
36644
48487
55653
59904
36287
35000
56796
41515
56086
60895
53794
56299
49873
46679
41817
55238
35676
40418
54928
38434
41164
41601
50012
35602
34498
35530
53610
43791
59604
44096
40760
53651
38549
54229
33582
50001
49325
48411
60359
56852
42832
51949
36101
35124
44727
42029
51610
60046
39941
52691
60271
39741
48895
45782
44695
53355
46597
58141
33345
56959
60736
41352
58864
45701
39656
57521
54076
33294
59686
34485
59504
41085
43286
51508
42077
42366
51067
53860
46266
43219
47468
54277
55205
38945
45781
33826
47655
48244
41018
33034
57219
58087
40567
40312
38376
40575
36738
37619
54788
51703
54305
60349
45036
37615
48212
34300
56283
44522
44874
59463
57507
59350
52781
57126
41681
41196
42990
35380
35286
58714
34471
48852
34252
41129
36328
33919
36638
46655
37431
56568
56655
50532
38887
49246
49547
48809
33566
50264
34859
51371
55767
35384
42939
44098
51328
44641
43453
49089
38268
59344
43757
43203
60387
41656
45932
60877
49980
50795
37989
57851
46080
42765
56323
46001
53633
50040
59869
45507
49243
49693
56669
53293
47799
60894
49796
49487
49208
55013
50342
50471
58957
58137
39154
33668
36029
34092
37829
57740
38063
44415
54392
38160
33843
48171
57971
58592
35996
50425
48164
39597
44649
50667
33243
52702
39625
51139
53807
57309
57252
50133
56676
37091
38750
35958
50248
52369
44220
53606
57692
46557
43658
50298
38479
45258
49104
59527
49423
60475
49543
59403
50567
36276
38316
59304
40359
35687
57612
42547
46087
46632
35330
43488
37943
54509
54303
41600
34272
49604
46307
35266
44765
45910
35824
56750
59459
56344
58117
39701
44320
41072
51507
44567
40449
53829
58910
39722
51959
37236
47339
37413
55884
60153
55534
49343
48337
41186
45585
56979
49139
51549
38908
56339
36061
46166
34335
36524
47815
33376
54933
32960
60679
53418
46719
37980
36566
54148
36137
40123
46015
36519
59020
52270
33347
58469
45678
36520
33260
50599
39819
41233
52211
58061
37036
37706
44155
53866
44987
44857
32856
59112
58120
46605
56723
55278
51424
35531
47774
41143
38052
46365
50325
60729
51932
42430
43096
35807
52571
38196
49798
52696
40897
42357
38695
54529
34083
33175
37803
47523
47635
54904
39297
59802
43358
51720
58379
60466
53391
46379
60533
35172
45294
53000
42676
43315
45259
54662
33638
59413
46004
41539
39335
58949
51802
33944
39973
38124
50400
47753
48960
58954
35162
53158
35351
35095
43806
58228
56894
50020
44767
40135
52918
32840
58991
35771
51193
42191
54757
48031
47285
44239
54729
42862
38563
41124
50930
45220
60462
37245
44215
35723
60395
58459
34116
50287
55610
58037
36800
35801
50839
39010
55700
49341
39595
37522
59468
47576
35626
48926
39555
48784
45334
53002
37363
42417
39913
56328
49427
42086
42722
39482
34706
51933
35239
51304
33479
33024
35795
43138
43993
42229
42167
48539
36197
44831
46670
38410
36228
58380
44548
54744
47447
38490
46120
36096
42773
36431
54608
50089
57359
48158
39682
48428
44886
54211
37630
50609
54075
57041
44438
42106
34250
43206
45936
60659
48646
42685
34222
47402
44024
55343
36374
35011
59793
36229
49716
50121
54230
33613
45687
54331
42787
60246
45216
48508
54120
54315
33190
49568
59461
55120
51640
52288
37973
43293
35386
54231
54485
46164
46432
57042
60235
39523
43882
45740
43482
54295
44000
45301
39969
52607
59019
59641
50728
43516
53105
55201
36799
47725
37832
39862
46491
50295
58837
45659
60947
50173
58363
58843
36254
42204
46674
38226
33206
33789
54838
49534
45255
57333
34347
47638
41553
50407
41677
56210
48234
55985
37325
42078
59827
53940
47090
47733
56707
38567
51913
46961
59245
56258
35696
43515
49302
39418
45623
48916
54763
40640
48869
57676
35108
38692
39031
54235
46798
44079
38003
36713
57621
40271
39450
36001
53327
44160
43561
33707
33651
36381
50280
56012
36980
40509
57109
53906
49881
38168
39887
38947
46546
45534
40496
55786
44743
40756
40013
48000
60946
59862
33326
50572
41448
43491
48533
57725
36577
45682
37825
38755
38357
56514
50088
39818
40480
41108
38334
35968
48210
55712
36726
47426
53907
33592
36521
45640
51482
36928
49378
44896
49903
41621
60630
56353
48271
57417
59929
36310
33096
50648
36916
41375
54997
38426
43424
50320
39738
40544
51834
38381
53133
53464
38780
44489
42350
52146
55350
56800
49073
40180
40628
41147
59343
36418
48934
54269
35066
42043
53013
58905
48090
58151
38641
32837
44746
58732
48639
45061
45619
59683
54329
35489
60242
41578
46548
54850
50552
44613
51810
34447
48475
46724
58642
41528
48854
35809
51868
58644
43178
58211
47658
51645
43699
60772
43480
50124
49460
57950
47412
54851
45341
46324
42030
33717
38851
45360
45981
54600
49474
53132
44477
45122
44566
36547
47091
57501
48739
43181
47844
52181
34003
54383
55945
53961
55690
47131
35223
55384
41423
44104
54405
51370
40601
34087
50614
41562
40783
34743
49374
58183
50145
39864
46176
53257
34529
47039
36011
50962
55987
51022
51305
36236
55454
57946
52583
35883
35542
36852
41501
48104
44537
58812
38985
33596
58472
49071
39478
33795
56121
56515
43580
40291
34720
33138
34544
37187
53015
36153
51531
38646
60525
47320
55558
50195
52278
41643
49266
46219
47916
59873
58964
46213
36831
51421
48400
42259
47546
43743
49654
42934
35041
39668
43409
46467
57264
37583
42161
48791
51863
37654
49859
35971
44173
49931
33362
38671
55152
50885
54215
47189
43550
37088
43617
39195
60827
53273
54707
58368
54492
39726
39290
55244
55820
37353
37248
35860
50143
47373
60127
34279
35648
56657
36927
51967
40914
42100
33090
58045
50374
38292
44197
39163
57706
ssh
0x0bbf
8612
8610
47008
0xab82
0x79ed
0x53de
0x6ace
0xe3ad
0x9884
0xb8e0
telnet
0x83b3
0xd4d0
0xcab9
0x3bd0
0xc2e5
0xbcb5
0xb3a2
0x7ea3
0xf0a3
0x7a89
0xa5b6
0x0f85
0xffe3
40618
54941
36887
56973
35911
47230
37655
39748
55291
33102
39229
41343
59287
36340
52174
54626
50050
59740
39166
47962
51992
56130
34933
60503
59170
34439
55751
49108
49961
39728
39473
55151
53797
33019
59978
39456
42376
39013
58168
35783
46851
45642
33920
56159
37680
34524
33728
51157
40162
47796
0x0dd7
51755
37472
41270
33249
43712
43051
37776
0xbbd7
0xded7
0xdfd7
52168
41110
49698
43456
40349
57332
59229
52694
52493
45901
59914
44817
41344
52922
43414
37102
54627
44975
57723
56845
38533
59571
48756
53917
58029
56074
48225
42145
53520
53137
42459
60416
38575
57543
38053
49040
54287
55732
40038
42537
0x9ad3
0x55ad
0xde9b
33536
60857
59239
48883
34081
52723
57434
45880
55467
52312
60762
44607
39477
56768
43786
55184
42800
57822
40146
36697
51036
58214
36295
47359
43662
36867
48386
39457
34482
41624
46518
39139
41033
48583
56419
50870
50584
38897
0x289d
0x35df
0x38df
0x80df
43802
45906
36219
38200
40248
58914
56390
54680
56009
57943
39742
45080
55880
43309
34005
36230
44861
58316
60556
34576
45290
57721
54947
38055
55390
60017
34983
32928
41149
34377
50104
37012
57931
38682
54539
37232
54858
42976
52010
44016
36055
49583
39235
50528
56321
0x03ae
0xa081
56472
37424
50011
49965
47417
42503
33603
35252
47079
50113
39113
42686
44858
34622
45870
32954
57846
54954
60292
54841
57193
43363
46993
60936
44645
54923
41412
43667
43066
40389
60699
36707
41999
45991
42288
36257
40627
38187
49421
55324
39642
38298
40393
46799
39873
50540
53542
39388
53213
57952
40510
41645
48672
33197
41411
59801
57422
38969
60251
44038
37951
57684
53785
50965
55185
46414
33723
59879
47491
48922
33997
43992
55513
46973
34682
42154
38927
57784
35229
52646
47265
40343
34772
51939
33745
38483
33169
51915
45394
52862
39800
44359
51849
57144
52602
42720
34290
50462
40380
59810
53086
41456
38893
53659
40464
40405
46683
57710
54028
50119
43292
51832
38955
41807
55117
54911
55685
44051
44207
36416
36246
56815
43977
57648
33690
57147
40636
60583
45881
35349
59542
42788
59428
40835
37695
54528
50416
48020
34594
33973
43742
37780
47461
49988
37256
44195
46774
48636
46253
57308
60847
41032
46527
59065
60417
59832
52467
60800
56055
51524
32985
33112
52425
43959
51515
40203
41742
43503
54968
52262
36806
39853
42225
49244
59900
49997
51860
60842
47851
50454
56629
33844
56525
54894
39749
45885
50857
51954
51480
55337
60773
50379
42452
47530
33382
54234
45911
41861
60443
49492
39737
55830
60539
46220
42887
60896
40595
43599
56186
52136
0xcef5
38979
42005
59010
50083
47757
35190
34013
40101
40075
35979
54583
54542
55107
35662
44444
56600
40036
47644
50804
55105
43083
44495
56248
56760
40056
48190
44895
48581
33022
53302
35753
36460
52784
46492
54821
33952
55106
34727
52323
40206
52246
48117
60808
47597
60457
49118
41387
59122
48001
39338
55999
49102
43619
50079
60661
49110
35046
49416
47661
53681
45020
45951
42700
43288
39238
41620
52015
40792
37673
56786
60103
37407
56398
40237
33166
53692
46296
50809
56862
60870
57435
52822
41662
49510
34411
52162
47356
48412
58258
0xe4b0
0x928c
0xaba3
0xbbb0
0x789d
0x0ee8
0xe7e6
0xfac1
0x8f9e
0x95c2
0xe68c
0xe0b5
0x14bf
44472
58526
58364
40499
59192
37658
51431
35152
0xb2a5
0x4c9b
0x96cb
60563
49382
48819
60467
54180
33196
52229
43498
33329
41034
44968
53143
41718
49306
52941
49802
34146
54550
47613
54718
38371
59952
48844
0x9181
0xcbdd
0xd0ec
36260
54382
37464
57073
46376
47780
42931
59280
53667
33640
53582
39839
0x9fc0
0xc88e
0x7785
0x84a9
59362
33829
38062
53324
60680
0x0789
0x7381
0xd0ed
0xd0c5
0x81b8
0x6fb1
0x2dd6
0xa0ba
0xe9ad
0x8bc7
34366
57199
34590
42275
38919
59411
52889
60915
35197
46456
43179
45937
51487
0x8d9d
0x0c84
56858
46994
42559
54370
35826
40483
42456
54501
37452
43663
33552
53576
0x9215
57448
34451
51599
46849
35226
47663
36242
37781
57425
51029
39594
42539
47876
57677
46089
45635
50802
43328
53184
50383
43585
53844
40777
33306
34741
57437
40016
56746
41541
38454
44294
59099
36109
37600
34262
37573
51091
44462
35921
49697
49326
58344
33539
43226
48842
33062
38686
36489
58721
36811
52339
36442
43611
49894
41395
38888
36413
38765
56165
53269
38827
54674
38513
48504
38220
35461
56187
47899
45522
38085
50519
59595
53561
51451
43759
54621
40309
42693
38143
58820
35013
34702
39383
58514
51282
33749
40382
39789
58512
33849
39714
51449
50997
51782
60527
33541
52419
33739
42822
58142
45131
59157
51249
49864
37184
52368
37985
60963
60685
47766
51893
38707
37254
34861
57418
33123
52423
36045
40332
53198
50469
34431
53246
54260
59586
38163
52002
48969
48531
45520
43101
58895
44981
51327
58876
45081
48125
45794
43003
37590
46451
53745
37987
40940
57279
41581
42083
42198
40616
42756
36438
43344
49389
58361
35381
57447
52707
41771
41339
58138
37506
51606
34893
34765
53177
44853
38636
45095
41819
60147
53615
51909
39219
43318
55456
52438
58807
47878
40275
46264
47311
48676
36874
48658
47798
52916
49764
44178
60131
43270
37142
35493
42383
57191
40863
48366
0x68a5
48263
46345
52815
38627
38338
0
https
1900
nan
domain
http
netbios-dgm
netbios-ns
netbios-ssn
2012
3128
ircd
smtp
65500
submission
kerberos
43744
888
0xa907
0xc007
2427
snmp
0xa100
0x5267
0xdca4
4352
4627
0x4412
0x47e0
0x6412
0x5927
0x6405
0x7905
1535
0xc1dc
0x52ef
ftp
0x2e22
0x5062
0x59c8
4502
1292
0xc402
1653
0x3eb2
ssh
0xc4da
0x3e10
0x5610
1230
2349
0x54f7
82
81
0xc243
0xbe0a
5900
0x629a
2114
0xc835
0xd913
0x7622
ms-wbt-server
2011
0x22ac
radmin
0x2900
0x3500
sip
0xc413
ms-sql-s
ntp
27977
8000
http-alt
2967
1
